0.0 0.0
0.10300000000000001 3722.1173191898756
0.20600000000000002 10962.013410610809
0.30900000000000005 14827.683129321586
0.41200000000000003 80603.5202958624
0.515 87805.55967581185
0.6180000000000001 79215.70535732179
0.7210000000000001 15084.576173645954
0.8240000000000001 7477.135128628176
0.927 7778.032068475576
1.03 7548.284655656986
1.133 9625.65983196818
1.2360000000000002 13761.486667363997
1.3390000000000002 39976.57959729376
1.4420000000000002 84304.56306730263
1.5450000000000002 88088.5216232426
1.6480000000000001 47318.66421653953
1.7510000000000001 7735.222771374383
1.854 7695.392103698479
1.957 7253.067270290761
2.06 8191.476371982521
2.1630000000000003 11145.28408359309
2.266 14116.143600561323
2.369 78068.6279178283
2.4720000000000004 87007.21419468698
2.575 84130.3416570832
2.6780000000000004 20906.990549650498
2.781 7549.252992009362
2.8840000000000003 7473.499765864239
2.987 6985.946973904724
3.0900000000000003 9311.996718675691
3.193 12132.326481154785
3.2960000000000003 20394.663873458096
3.3990000000000005 81947.18228460106
3.5020000000000002 88225.59328916481
3.6050000000000004 73781.3705328989
3.708 12870.41378430877
3.8110000000000004 7467.450089637721
3.914 7855.777072057814
4.017 7596.6835936537755
4.12 9627.469996110127
4.223000000000001 13595.156518331278
4.3260000000000005 36031.43959934931
4.429 83802.32155693232
4.532 88231.52463634482
4.635000000000001 55998.333955291615
4.738 8581.419028073085
4.841 7640.169823435723
4.944000000000001 7821.641561631765
5.047000000000001 7871.392109833355
5.15 10324.56861240285
5.253 15072.35662874289
5.356000000000001 65088.70371207664
5.4590000000000005 85704.5635945369
5.562 87495.83847982764
5.665 35216.42244239273
5.768000000000001 7481.322189661069
5.871 7637.983548245578
5.974 7030.8599251528
6.077000000000001 8291.520763039298
6.180000000000001 11155.291832943542
6.283 14191.43751192725
6.386 76840.97942402931
6.489000000000001 86730.29604589366
6.5920000000000005 85393.86841858925
6.695 23919.978892242394
6.798000000000001 7542.573078547075
6.901000000000001 7457.268590216538
7.0040000000000004 6803.85102736528
7.107 8989.405038600273
7.210000000000001 11726.048483874052
7.313000000000001 15579.680976301672
7.416 80910.42740380553
7.519000000000001 87885.43887708707
7.622000000000001 78909.22908739642
7.7250000000000005 15156.341456879118
7.828 7481.4446214796535
7.931000000000001 7734.747510638738
8.034 7465.468209644664
8.137 9577.743381376979
8.24 13285.696145411803
8.343 32813.29747682663
8.446000000000002 83415.07662706352
8.549000000000001 88297.69231087079
8.652000000000001 61426.04035828623
8.755 9515.526257100924
8.858 7560.871398283282
8.961 7975.734991726086
9.064 7805.1681519985505
9.167000000000002 9931.376040350677
9.270000000000001 14863.829129076616
9.373000000000001 51505.45309765702
9.476 84754.56776593237
9.579 88068.79712249839
9.682 50776.12326936023
9.785 8291.089147740311
9.888000000000002 7641.612648150782
9.991000000000001 7885.828126256146
10.094000000000001 7832.821472321486
10.197000000000001 10011.528022523178
10.3 14900.059347922806
