0.0 0.0
0.10300000000000001 19794.94826578566
0.20600000000000002 58298.13241865206
0.30900000000000005 75170.04607249274
0.41200000000000003 103124.91021916267
0.515 134933.58699380892
0.6180000000000001 136569.62451184154
0.7210000000000001 110784.77972561611
0.8240000000000001 97245.6909492245
0.927 86272.79352903436
1.03 78925.44000000005
1.133 74273.79468270321
1.2360000000000002 69044.28833813428
1.3390000000000002 74737.82432341618
1.4420000000000002 123227.46344173093
1.5450000000000002 142043.6754252744
1.6480000000000001 122556.96301471684
1.7510000000000001 104379.91170387558
1.854 90172.55471078565
1.957 81248.74853089498
2.06 75192.47999999966
2.1630000000000003 72688.15413592313
2.266 66732.40517659717
2.369 101512.06013441076
2.4720000000000004 137360.92195814947
2.575 144228.33164541758
2.6780000000000004 115685.60479564802
2.781 101585.66183990888
2.8840000000000003 89825.59855267976
2.987 82292.32880262783
3.0900000000000003 76525.67999999889
3.193 72801.31141184899
3.2960000000000003 68857.32071144143
3.3990000000000005 120196.508532554
3.5020000000000002 147101.2440840724
3.6050000000000004 139796.76499405925
3.708 114192.53393993822
3.8110000000000004 99344.27863902829
3.914 88411.44049565434
4.017 81277.4204404043
4.12 75992.3999999993
4.223000000000001 71541.02855586361
4.3260000000000005 74602.13221798201
4.429 126832.37961123821
4.532 147602.91373186692
4.635000000000001 129654.87109192055
4.738 108955.67156224708
4.841 94538.05944326254
4.944000000000001 84785.86045233533
5.047000000000001 78014.05455604005
5.15 74792.5199999988
5.253 68782.70292097486
5.356000000000001 90979.8946990027
5.4590000000000005 134846.54000653687
5.562 146420.2036893056
5.665 118275.67378174403
5.768000000000001 104135.20412514814
5.871 92002.10899642065
5.974 84775.6494799622
6.077000000000001 78591.523410181
6.180000000000001 75325.79999999734
6.283 68873.21361270311
6.386 106021.19907975743
6.489000000000001 142278.5195830493
6.5920000000000005 148726.05909372974
6.695 118775.34142768187
6.798000000000001 103474.69962918371
6.901000000000001 91766.77048643447
7.0040000000000004 83898.65944578736
7.107 77919.01530115564
7.210000000000001 74525.8799999927
7.313000000000001 69402.59740181146
7.416 115979.3841450596
7.519000000000001 145425.4827723811
7.622000000000001 142610.46162508387
7.7250000000000005 114856.18551499666
7.828 99599.81822627666
7.931000000000001 88707.07538700807
8.034 81469.87089741675
8.137 76365.63110757386
8.24 72259.43999999185
8.343 73274.56014888483
8.446000000000002 124981.50850713295
8.549000000000001 146300.26998841538
8.652000000000001 128114.74378889744
8.755 109912.24443360894
8.858 96219.61627979761
8.961 87245.63871818513
9.064 81001.37098038428
9.167000000000002 77236.14537002509
9.270000000000001 72659.39999998962
9.373000000000001 84564.11169518878
9.476 133534.27926543084
9.579 151822.110812626
9.682 127828.09853160451
9.785 109825.06471932557
9.888000000000002 96073.87065772954
9.991000000000001 87121.22569995759
10.094000000000001 80491.10934782098
10.197000000000001 76142.86072994264
10.3 71459.5199999864
